<AreaData:1010003>
24.9532 40.118
24.9932 40.118
30.176 40.153
30.144 42.331
24.9892 42.306
24.9492 42.306
24.9532 40.118
<AreaDataEnd>

<AreaData:1010006>
24.9812 32.816
25.1812 32.816
25.1932 39.919
30.178 39.953
30.176 40.153
24.9932 40.118
24.9812 32.816
<AreaDataEnd>

<AreaData:1010010>
24.9892 42.306
30.144 42.331
30.1432 42.531
25.1892 42.507
25.188 49.78
24.988 49.78
24.9892 42.306
<AreaDataEnd>

<AreaData:1010009>
30.178 39.953
30.378 39.956
30.3432 42.534
30.1432 42.531
30.144 42.331
30.176 40.153
30.178 39.953
<AreaDataEnd>

<AreaData:1010005>
17.3772 32.828
17.5772 32.828
17.596 49.779
17.396 49.779
17.3772 32.828
<AreaDataEnd>

<AreaData:1010001>
17.374 30.828
25.178 30.816
25.1812 32.816
24.9812 32.816
24.9608 32.816
17.5972 32.828
17.5772 32.828
17.3772 32.828
17.374 30.828
<AreaDataEnd>

<AreaData:1010002>
17.396 49.779
17.596 49.779
17.616 49.779
24.968 49.78
24.988 49.78
25.188 49.78
25.188 51.78
17.396 51.779
17.396 49.779
<AreaDataEnd>

<AreaData:1010004>
17.5772 32.828
17.5972 32.828
24.9608 32.816
24.9812 32.816
24.9932 40.118
24.9532 40.118
24.9492 42.306
24.9892 42.306
24.988 49.78
24.968 49.78
17.616 49.779
17.596 49.779
17.5772 32.828
<AreaDataEnd>

<AreaData:2030005>
23.1492 63.794
23.174 63.794
23.374 63.794
23.3712 68.214
23.1912 68.396
25.722 68.366
25.6812 76.746
23.242 76.77
23.4212 76.948
23.4052 81.908
23.2048 81.907
23.18 81.907
23.1972 76.725
23.202 76.725
25.636 76.701
25.6772 68.411
23.1512 68.441
23.146 68.441
23.154 65.794
23.1492 63.794
<AreaDataEnd>

<AreaData:2030003>
19.7672 63.803
19.9672 63.803
19.992 63.803
19.998 65.803
20.0412 81.915
20.016 81.916
19.816 81.916
19.7672 63.803
<AreaDataEnd>

<AreaData:2030011>
23.3712 68.214
25.9032 68.184
25.86 76.924
23.4212 76.948
23.242 76.77
25.6812 76.746
25.722 68.366
23.1912 68.396
23.3712 68.214
<AreaDataEnd>

<AreaData:2030006>
23.1512 68.441
25.6772 68.411
25.636 76.701
23.202 76.725
23.1512 68.441
<AreaDataEnd>

<AreaData:2038902>
19.816 81.916
20.016 81.916
20.0412 81.915
23.18 81.907
23.2048 81.907
23.4052 81.908
23.41 83.908
19.8212 83.916
19.816 81.916
<AreaDataEnd>

<AreaData:2038901>
19.992 63.803
23.1492 63.794
23.154 65.794
19.998 65.803
19.992 63.803
<AreaDataEnd>

<AreaData:2030010>
19.998 65.803
23.154 65.794
23.146 68.441
23.1512 68.441
23.202 76.725
23.1972 76.725
23.18 81.907
20.0412 81.915
19.998 65.803
<AreaDataEnd>

<AreaData:3040003>
22.4112 100.723
22.446 100.817
22.48 100.911
22.5152 101.005
22.5492 101.099
22.5828 101.193
22.6172 101.287
22.65 101.381
22.6832 101.475
22.716 101.57
22.748 101.664
22.78 101.759
22.7932 101.799
22.824 101.894
22.854 101.989
22.884 102.084
22.912 102.18
22.94 102.276
22.968 102.372
22.994 102.469
22.9992 102.485
23.024 102.582
23.048 102.679
23.0692 102.777
23.0872 102.874
23.1012 102.973
23.1112 103.071
23.1112 103.077
23.1148 103.176
23.114 103.275
23.108 103.374
23.098 103.473
23.084 103.572
23.0672 103.671
23.05 103.752
23.028 103.849
23.002 103.945
22.9752 104.041
22.944 104.136
22.9112 104.23
22.876 104.323
22.838 104.415
22.802 104.499
22.76 104.589
22.716 104.679
22.6692 104.767
22.6212 104.854
22.57 104.94
22.5172 105.024
22.462 105.107
22.4472 105.128
22.388 105.209
22.328 105.288
22.266 105.366
22.202 105.442
22.136 105.517
22.0692 105.591
22 105.663
21.9452 105.72
21.874 105.791
21.802 105.86
21.7292 105.928
21.6552 105.995
21.5792 106.06
21.502 106.123
21.424 106.184
21.344 106.243
21.29 106.281
21.2072 106.337
21.122 106.389
21.036 106.44
20.9492 106.488
20.86 106.533
20.77 106.575
20.678 106.615
20.5912 106.65
20.4972 106.685
20.4032 106.717
20.308 106.746
20.212 106.773
20.1148 106.797
20.018 106.819
19.92 106.839
19.862 106.85
19.764 106.867
19.6652 106.882
19.566 106.895
19.4672 106.905
19.368 106.913
19.2688 106.918
19.2032 106.92
19.1032 106.921
19.004 106.919
18.904 106.915
18.8052 106.91
18.7048 106.902
18.606 106.893
18.506 106.884
18.4072 106.873
18.3072 106.862
18.246 106.855
18.1468 106.844
18.0472 106.833
17.948 106.822
17.848 106.811
17.748 106.801
17.6492 106.791
17.5492 106.782
17.4492 106.774
17.3492 106.767
17.2492 106.761
17.212 106.759
17.112 106.755
17.012 106.752
16.9112 106.75
16.8112 106.75
16.7108 106.751
16.61 106.753
16.51 106.756
16.41 106.761
16.31 106.768
16.2092 106.775
16.19 106.777
16.09 106.786
15.99 106.797
15.8912 106.809
15.7912 106.823
15.692 106.838
15.5932 106.854
15.494 106.872
15.396 106.892
15.298 106.912
15.2 106.934
15.1812 106.939
15.084 106.962
14.9872 106.987
14.89 107.014
14.794 107.041
14.698 107.07
14.602 107.1
14.5072 107.131
14.504 107.132
14.4092 107.164
14.314 107.197
14.2192 107.232
14.126 107.267
14.032 107.304
13.9392 107.342
13.8472 107.382
13.756 107.423
13.6652 107.466
13.5912 107.502
13.502 107.548
13.4132 107.595
13.326 107.644
13.2392 107.695
13.1532 107.747
13.068 107.799
12.9832 107.853
12.8988 107.908
12.8232 107.959
12.74 108.016
12.658 108.073
12.576 108.132
12.4948 108.191
12.4148 108.252
12.336 108.313
12.258 108.376
12.18 108.44
12.122 108.49
12.0472 108.556
11.9732 108.624
11.9 108.692
11.8272 108.762
11.756 108.833
11.686 108.905
11.6172 108.977
11.548 109.05
11.48 109.124
11.4332 109.175
11.366 109.249
11.2992 109.324
11.234 109.4
11.1692 109.476
11.104 109.553
11.0412 109.631
10.9788 109.709
10.918 109.789
10.876 109.845
10.8172 109.926
10.7592 110.008
10.7032 110.091
10.648 110.175
10.594 110.26
10.5412 110.345
10.49 110.431
10.4392 110.518
10.39 110.606
10.3472 110.682
10.3 110.771
10.254 110.86
10.208 110.949
10.164 111.04
10.1212 111.13
10.08 111.222
10.0392 111.313
10 111.406
9.962 111.499
9.9292 111.583
9.894 111.677
9.86 111.771
9.828 111.866
9.7972 111.962
9.768 112.058
9.74 112.154
9.7128 112.251
9.688 112.348
9.664 112.446
9.6412 112.544
9.62 112.642
9.6 112.74
9.598 112.747
9.58 112.846
9.5632 112.945
9.5472 113.044
9.5332 113.143
9.5192 113.243
9.508 113.343
9.4972 113.442
9.488 113.542
9.4812 113.642
9.4752 113.743
9.47 113.843
9.4672 113.914
9.4652 114.015
9.4628 114.115
9.464 114.215
9.4652 114.316
9.468 114.416
9.472 114.516
9.4772 114.616
9.484 114.716
9.492 114.816
9.4992 114.901
9.5092 115.001
9.52 115.101
9.532 115.2
9.546 115.3
9.5612 115.399
9.5772 115.498
9.594 115.597
9.6132 115.696
9.632 115.794
9.654 115.892
9.676 115.99
9.7 116.087
9.7072 116.114
9.732 116.211
9.7592 116.308
9.7872 116.404
9.8172 116.5
9.848 116.595
9.88 116.69
9.9132 116.785
9.948 116.879
9.9832 116.973
10.02 117.066
10.0412 117.116
10.0792 117.208
10.1192 117.301
10.1612 117.392
10.204 117.483
10.248 117.574
10.294 117.663
10.342 117.751
10.3912 117.839
10.4432 117.925
10.488 117.997
10.5428 118.081
10.6 118.163
10.6592 118.245
10.718 118.326
10.7768 118.406
10.8192 118.462
10.6592 118.582
10.6172 118.526
10.5572 118.444
10.496 118.362
10.4372 118.278
10.378 118.192
10.32 118.105
10.272 118.029
10.2192 117.939
10.1672 117.848
10.1172 117.756
10.0692 117.663
10.0232 117.57
9.9788 117.476
9.936 117.382
9.8952 117.287
9.856 117.192
9.8352 117.141
9.7972 117.045
9.76 116.949
9.7252 116.852
9.6912 116.755
9.658 116.658
9.626 116.56
9.596 116.461
9.5672 116.363
9.5392 116.263
9.5132 116.164
9.506 116.135
9.4812 116.036
9.458 115.935
9.4372 115.835
9.416 115.734
9.3972 115.633
9.3792 115.531
9.3632 115.43
9.348 115.328
9.334 115.226
9.3212 115.124
9.31 115.022
9.3 114.92
9.292 114.833
9.284 114.731
9.278 114.628
9.272 114.525
9.268 114.423
9.2652 114.32
9.264 114.217
9.2632 114.114
9.2652 114.011
9.2672 113.908
9.27 113.834
9.2752 113.732
9.2812 113.629
9.2892 113.526
9.298 113.423
9.3092 113.321
9.3212 113.218
9.334 113.116
9.3492 113.014
9.3652 112.912
9.3828 112.81
9.402 112.71
9.404 112.701
9.424 112.601
9.446 112.5
9.4692 112.399
9.494 112.299
9.52 112.199
9.5472 112.1
9.576 112.001
9.6072 111.902
9.638 111.803
9.672 111.706
9.706 111.608
9.742 111.511
9.776 111.425
9.8152 111.329
9.856 111.234
9.8972 111.14
9.94 111.046
9.984 110.953
10.0292 110.86
10.076 110.769
10.1232 110.677
10.172 110.587
10.2152 110.508
10.266 110.419
10.3172 110.33
10.37 110.241
10.4252 110.154
10.48 110.067
10.5372 109.98
10.5952 109.895
10.654 109.81
10.7152 109.727
10.758 109.668
10.8212 109.587
10.8852 109.506
10.95 109.426
11.016 109.347
11.082 109.269
11.1488 109.192
11.2172 109.116
11.2852 109.04
11.332 108.988
11.402 108.914
11.472 108.839
11.5428 108.765
11.614 108.692
11.6872 108.619
11.7608 108.548
11.8372 108.477
11.9132 108.407
11.9912 108.339
12.052 108.287
12.1312 108.221
12.212 108.156
12.2928 108.093
12.376 108.031
12.4592 107.97
12.542 107.91
12.626 107.851
12.7112 107.794
12.7892 107.742
12.8752 107.685
12.9612 107.63
13.0492 107.576
13.1372 107.523
13.2272 107.471
13.3172 107.42
13.4092 107.371
13.5012 107.323
13.578 107.286
13.672 107.241
13.766 107.199
13.862 107.158
13.9572 107.118
14.0532 107.08
14.15 107.044
14.2472 107.009
14.344 106.975
14.44 106.942
14.444 106.941
14.5412 106.91
14.6392 106.879
14.738 106.849
14.836 106.821
14.936 106.794
15.0352 106.768
15.1352 106.744
15.1552 106.739
15.2552 106.717
15.356 106.696
15.4572 106.676
15.5592 106.657
15.6612 106.641
15.7632 106.625
15.8652 106.611
15.968 106.599
16.07 106.587
16.172 106.578
16.1932 106.576
16.296 106.568
16.398 106.562
16.5012 106.557
16.604 106.553
16.7072 106.551
16.81 106.55
16.9132 106.55
17.016 106.552
17.1192 106.555
17.2212 106.559
17.2612 106.561
17.3632 106.567
17.464 106.575
17.566 106.583
17.6672 106.592
17.768 106.602
17.8692 106.612
17.9692 106.623
18.0692 106.634
18.1692 106.645
18.2688 106.656
18.33 106.663
18.428 106.674
18.5272 106.685
18.624 106.694
18.722 106.703
18.818 106.71
18.914 106.716
19.0092 106.719
19.104 106.721
19.1992 106.72
19.26 106.718
19.3552 106.713
19.4492 106.706
19.5432 106.696
19.638 106.684
19.732 106.67
19.8272 106.653
19.882 106.643
19.976 106.624
20.0692 106.603
20.1612 106.579
20.252 106.554
20.342 106.526
20.4312 106.496
20.5188 106.464
20.6012 106.431
20.6872 106.393
20.772 106.353
20.856 106.311
20.938 106.266
21.0188 106.218
21.098 106.169
21.1772 106.116
21.2272 106.081
21.3032 106.025
21.378 105.967
21.4512 105.907
21.5232 105.845
21.594 105.781
21.664 105.715
21.734 105.648
21.802 105.579
21.856 105.525
21.922 105.455
21.9868 105.384
22.05 105.312
22.1112 105.239
22.1712 105.165
22.228 105.09
22.2832 105.013
22.296 104.994
22.3492 104.915
22.3992 104.835
22.4472 104.754
22.4932 104.672
22.5372 104.588
22.5792 104.503
22.6192 104.417
22.654 104.337
22.69 104.25
22.7232 104.161
22.754 104.072
22.7832 103.983
22.81 103.892
22.834 103.801
22.8552 103.709
22.8712 103.633
22.8872 103.541
22.9 103.449
22.9092 103.358
22.914 103.268
22.9152 103.179
22.9112 103.088
22.9112 103.088
22.902 102.996
22.89 102.907
22.8732 102.816
22.8532 102.724
22.83 102.631
22.8052 102.536
22.8008 102.521
22.7752 102.426
22.748 102.331
22.7212 102.237
22.692 102.143
22.6632 102.049
22.6332 101.955
22.6032 101.861
22.59 101.822
22.558 101.728
22.5272 101.635
22.494 101.541
22.4608 101.448
22.428 101.354
22.3952 101.26
22.3612 101.167
22.3272 101.073
22.292 100.98
22.258 100.886
22.224 100.792
22.4112 100.723
<AreaDataEnd>

<AreaData:3040004>
25.4912 98.816
25.5232 98.911
25.554 99.005
25.586 99.1
25.618 99.195
25.6492 99.29
25.6812 99.385
25.712 99.48
25.744 99.575
25.776 99.67
25.8072 99.764
25.8272 99.825
25.858 99.92
25.89 100.014
25.9212 100.109
25.9532 100.204
25.9852 100.299
26.018 100.393
26.0508 100.487
26.084 100.582
26.118 100.676
26.152 100.769
26.16 100.789
26.1952 100.883
26.2312 100.976
26.2672 101.07
26.3032 101.163
26.338 101.257
26.372 101.352
26.4052 101.447
26.436 101.542
26.4652 101.638
26.492 101.734
26.492 101.735
26.516 101.832
26.538 101.93
26.5572 102.029
26.574 102.128
26.5892 102.227
26.602 102.327
26.614 102.427
26.624 102.527
26.6332 102.627
26.636 102.664
26.6432 102.765
26.65 102.865
26.6552 102.966
26.658 103.066
26.66 103.166
26.6612 103.267
26.66 103.367
26.6572 103.467
26.6532 103.568
26.646 103.668
26.644 103.694
26.6352 103.794
26.6232 103.893
26.61 103.993
26.5952 104.092
26.578 104.191
26.56 104.29
26.54 104.388
26.518 104.487
26.496 104.584
26.472 104.682
26.468 104.695
26.4432 104.792
26.4172 104.889
26.3892 104.985
26.36 105.081
26.33 105.177
26.2992 105.272
26.2672 105.367
26.234 105.462
26.1992 105.556
26.1812 105.606
26.1452 105.7
26.1072 105.793
26.0692 105.885
26.03 105.977
25.9892 106.069
25.9472 106.16
25.904 106.251
25.8952 106.27
25.85 106.36
25.8052 106.449
25.758 106.538
25.7092 106.626
25.66 106.714
25.6092 106.8
25.5572 106.886
25.504 106.971
25.4492 107.056
25.3932 107.139
25.336 107.222
25.278 107.303
25.22 107.381
25.1592 107.461
25.096 107.539
25.0332 107.617
24.968 107.694
24.9032 107.769
24.836 107.844
24.768 107.919
24.7 107.992
24.6312 108.065
24.5612 108.137
24.546 108.152
24.476 108.223
24.4052 108.294
24.3328 108.364
24.2612 108.433
24.1872 108.502
24.114 108.57
24.0392 108.637
23.964 108.703
23.888 108.768
23.8112 108.833
23.7852 108.854
23.7072 108.918
23.628 108.98
23.548 109.041
23.468 109.101
23.3872 109.16
23.304 109.218
23.2212 109.274
23.1372 109.329
23.052 109.383
22.992 109.419
22.906 109.47
22.818 109.519
22.73 109.567
22.6408 109.613
22.552 109.658
22.4608 109.702
22.37 109.745
22.2792 109.786
22.1872 109.827
22.0952 109.867
22.058 109.882
21.9652 109.921
21.872 109.959
21.778 109.995
21.684 110.031
21.59 110.065
21.4952 110.098
21.4 110.13
21.3052 110.161
21.2092 110.189
21.112 110.216
21.06 110.23
20.9632 110.255
20.8648 110.278
20.7672 110.299
20.6692 110.318
20.57 110.337
20.4712 110.353
20.372 110.369
20.2732 110.384
20.1728 110.397
20.074 110.41
19.984 110.421
19.884 110.432
19.7852 110.443
19.6852 110.452
19.5852 110.46
19.484 110.468
19.384 110.474
19.284 110.478
19.184 110.481
19.084 110.483
18.9832 110.482
18.9132 110.481
18.8132 110.477
18.7132 110.472
18.6132 110.465
18.5132 110.457
18.4132 110.447
18.314 110.436
18.214 110.423
18.1148 110.41
18.0152 110.396
17.938 110.385
17.8392 110.37
17.74 110.355
17.6408 110.34
17.542 110.325
17.4432 110.313
17.344 110.301
17.2452 110.292
17.146 110.285
17.14 110.285
17.0412 110.281
16.9412 110.28
16.842 110.282
16.742 110.287
16.6432 110.294
16.5432 110.304
16.444 110.316
16.3452 110.33
16.246 110.347
16.148 110.365
16.092 110.377
15.9952 110.398
15.898 110.422
15.8012 110.448
15.706 110.475
15.6112 110.505
15.5172 110.537
15.4232 110.572
15.418 110.574
15.326 110.611
15.234 110.65
15.1432 110.692
15.054 110.736
14.966 110.783
14.88 110.832
14.802 110.881
14.7192 110.936
14.638 110.994
14.5592 111.054
14.482 111.116
14.406 111.181
14.332 111.248
14.26 111.317
14.188 111.387
14.118 111.459
14.05 111.532
14.0332 111.55
13.966 111.625
13.9 111.701
13.8352 111.778
13.7732 111.856
13.712 111.935
13.6532 112.015
13.596 112.097
13.542 112.181
13.49 112.265
13.44 112.351
13.4012 112.425
13.356 112.514
13.3152 112.605
13.276 112.696
13.24 112.789
13.2072 112.883
13.176 112.978
13.148 113.074
13.122 113.171
13.104 113.244
13.0832 113.342
13.0652 113.44
13.048 113.538
13.034 113.637
13.022 113.736
13.0132 113.835
13.006 113.935
13.0012 114.034
12.998 114.12
12.9972 114.22
12.998 114.32
13.0012 114.42
13.0072 114.52
13.014 114.619
13.024 114.718
13.0372 114.817
13.0512 114.916
13.0692 115.014
13.088 115.112
13.106 115.191
13.1312 115.288
13.158 115.384
13.1872 115.48
13.22 115.574
13.254 115.668
13.292 115.76
13.332 115.851
13.3752 115.941
13.4172 116.023
13.4652 116.11
13.5152 116.196
13.566 116.281
13.6192 116.366
13.6492 116.414
13.8192 116.308
13.7892 116.261
13.7372 116.177
13.6872 116.094
13.6392 116.011
13.5932 115.929
13.554 115.852
13.514 115.768
13.476 115.682
13.4412 115.595
13.408 115.507
13.378 115.418
13.35 115.328
13.324 115.237
13.3012 115.145
13.284 115.07
13.2652 114.977
13.2492 114.884
13.2352 114.79
13.2232 114.696
13.2132 114.601
13.206 114.506
13.2012 114.411
13.198 114.316
13.1972 114.22
13.198 114.125
13.2012 114.042
13.2052 113.947
13.212 113.852
13.2212 113.757
13.232 113.663
13.246 113.569
13.2612 113.475
13.2792 113.382
13.2992 113.289
13.316 113.22
13.3412 113.128
13.3672 113.037
13.396 112.947
13.428 112.859
13.462 112.771
13.498 112.685
13.5372 112.601
13.578 112.517
13.6152 112.448
13.662 112.367
13.7112 112.288
13.762 112.209
13.816 112.131
13.872 112.055
13.93 111.979
13.99 111.904
14.052 111.831
14.1152 111.758
14.1812 111.685
14.196 111.668
14.2632 111.597
14.33 111.528
14.3992 111.461
14.468 111.395
14.538 111.331
14.61 111.27
14.6832 111.211
14.7572 111.154
14.8332 111.1
14.91 111.049
14.9832 111.004
15.0632 110.958
15.146 110.914
15.23 110.872
15.3152 110.833
15.402 110.795
15.4912 110.76
15.4932 110.759
15.5832 110.726
15.6732 110.695
15.764 110.667
15.8552 110.64
15.9472 110.616
16.04 110.593
16.134 110.572
16.1872 110.561
16.2812 110.543
16.376 110.528
16.47 110.514
16.5652 110.503
16.6592 110.493
16.754 110.487
16.848 110.482
16.942 110.48
17.036 110.481
17.1312 110.485
17.134 110.485
17.2292 110.491
17.324 110.5
17.4192 110.511
17.5152 110.524
17.612 110.538
17.71 110.552
17.8092 110.567
17.908 110.583
17.9868 110.594
18.088 110.608
18.1892 110.622
18.29 110.634
18.3932 110.646
18.4952 110.656
18.598 110.665
18.7012 110.672
18.804 110.677
18.908 110.681
18.9812 110.682
19.0852 110.683
19.188 110.681
19.292 110.678
19.3952 110.673
19.498 110.667
19.6 110.66
19.702 110.651
19.804 110.642
19.906 110.631
20.0072 110.62
20.098 110.609
20.2 110.596
20.3008 110.582
20.402 110.567
20.504 110.551
20.6052 110.533
20.7072 110.515
20.808 110.495
20.9092 110.473
21.01 110.449
21.11 110.424
21.1652 110.409
21.264 110.381
21.364 110.352
21.462 110.32
21.56 110.288
21.6572 110.254
21.754 110.218
21.85 110.182
21.946 110.144
22.0412 110.106
22.1352 110.067
22.1728 110.051
22.2672 110.01
22.3612 109.969
22.454 109.926
22.5472 109.883
22.64 109.838
22.732 109.791
22.824 109.744
22.9152 109.694
23.0052 109.643
23.0952 109.591
23.158 109.553
23.2452 109.498
23.332 109.441
23.418 109.383
23.5032 109.323
23.5872 109.262
23.6692 109.201
23.7512 109.138
23.832 109.074
23.9112 109.009
23.9392 108.986
24.0172 108.921
24.0952 108.854
24.172 108.786
24.248 108.718
24.3232 108.648
24.398 108.578
24.472 108.508
24.5452 108.436
24.6172 108.365
24.6892 108.292
24.7048 108.276
24.7752 108.203
24.846 108.129
24.916 108.054
24.9852 107.978
25.0532 107.901
25.12 107.823
25.1872 107.745
25.252 107.665
25.316 107.584
25.38 107.502
25.4392 107.421
25.5 107.337
25.5592 107.252
25.616 107.166
25.6728 107.079
25.728 106.991
25.7812 106.903
25.8328 106.813
25.884 106.723
25.934 106.633
25.982 106.541
26.0292 106.45
26.0752 106.358
26.084 106.337
26.128 106.245
26.1712 106.151
26.2132 106.057
26.2532 105.963
26.2932 105.868
26.3312 105.773
26.368 105.677
26.3872 105.626
26.422 105.529
26.456 105.433
26.4892 105.336
26.5212 105.238
26.5512 105.14
26.5812 105.042
26.6092 104.943
26.636 104.844
26.662 104.745
26.666 104.731
26.69 104.631
26.714 104.531
26.736 104.43
26.756 104.328
26.7752 104.226
26.7932 104.124
26.808 104.021
26.822 103.918
26.834 103.814
26.8432 103.711
26.8452 103.682
26.852 103.579
26.8572 103.475
26.86 103.371
26.8612 103.267
26.86 103.164
26.858 103.06
26.854 102.957
26.8492 102.854
26.8432 102.751
26.8352 102.649
26.832 102.611
26.8232 102.508
26.8132 102.405
26.8012 102.302
26.7872 102.199
26.772 102.096
26.754 101.993
26.734 101.89
26.7112 101.787
26.686 101.686
26.6852 101.682
26.6572 101.582
26.6272 101.482
26.594 101.383
26.5612 101.285
26.526 101.188
26.49 101.093
26.454 100.998
26.418 100.904
26.382 100.811
26.3472 100.719
26.34 100.7
26.306 100.607
26.272 100.514
26.2392 100.421
26.2072 100.328
26.1752 100.234
26.1432 100.14
26.1112 100.046
26.08 99.951
26.048 99.857
26.0172 99.762
25.9972 99.701
25.9652 99.607
25.934 99.512
25.902 99.417
25.8712 99.322
25.8392 99.227
25.8072 99.132
25.776 99.037
25.744 98.942
25.712 98.847
25.6812 98.752
25.4912 98.816
<AreaDataEnd>

<AreaData:3040005>
23.018 102.48
23.0432 102.577
23.0672 102.675
23.088 102.773
23.1072 102.871
23.1212 102.97
23.1312 103.069
23.1312 103.076
23.1352 103.176
23.134 103.276
23.128 103.376
23.118 103.476
23.104 103.575
23.0872 103.674
23.07 103.756
23.0472 103.854
23.022 103.951
22.994 104.047
22.9632 104.142
22.93 104.237
22.894 104.33
22.8572 104.423
22.82 104.507
22.778 104.598
22.734 104.688
22.6872 104.776
22.638 104.864
22.5872 104.95
22.534 105.035
22.478 105.118
22.4632 105.14
22.4052 105.221
22.344 105.301
22.2812 105.379
22.2172 105.455
22.1512 105.53
22.0828 105.604
22.014 105.677
21.9592 105.734
21.888 105.805
21.816 105.875
21.7432 105.943
21.668 106.01
21.592 106.075
21.5152 106.139
21.436 106.2
21.356 106.26
21.3008 106.298
21.218 106.354
21.1332 106.407
21.046 106.457
20.958 106.505
20.8692 106.551
20.778 106.593
20.686 106.634
20.598 106.669
20.504 106.704
20.4092 106.736
20.314 106.765
20.2172 106.792
20.12 106.817
20.022 106.839
19.924 106.859
19.866 106.87
19.7672 106.887
19.668 106.902
19.5692 106.914
19.4692 106.925
19.3692 106.933
19.27 106.938
19.2032 106.94
19.1032 106.941
19.0032 106.939
18.9032 106.935
18.804 106.93
18.704 106.922
18.604 106.913
18.504 106.904
18.4052 106.893
18.3052 106.882
18.244 106.875
18.144 106.864
18.0452 106.852
17.9452 106.841
17.846 106.831
17.746 106.821
17.6468 106.811
17.5472 106.802
17.448 106.794
17.348 106.787
17.248 106.781
17.2108 106.779
17.1112 106.775
17.0112 106.772
16.9112 106.77
16.8112 106.77
16.7108 106.771
16.6112 106.773
16.5112 106.776
16.4112 106.781
16.3112 106.788
16.2108 106.795
16.192 106.797
16.092 106.806
15.9932 106.817
15.8932 106.829
15.794 106.843
15.6952 106.858
15.596 106.874
15.498 106.892
15.4 106.911
15.302 106.932
15.204 106.954
15.186 106.958
15.0892 106.982
14.992 107.007
14.896 107.033
14.7992 107.061
14.704 107.089
14.608 107.119
14.5132 107.15
14.51 107.151
14.4152 107.183
14.3212 107.216
14.226 107.25
14.1332 107.286
14.04 107.322
13.9472 107.361
13.8552 107.4
13.764 107.441
13.674 107.484
13.6 107.52
13.5112 107.566
13.4232 107.613
13.336 107.662
13.2492 107.712
13.164 107.764
13.078 107.816
12.994 107.87
12.91 107.925
12.834 107.976
12.7512 108.032
12.6692 108.09
12.588 108.148
12.5072 108.207
12.4272 108.268
12.348 108.329
12.27 108.391
12.1932 108.455
12.1352 108.505
12.06 108.571
11.986 108.638
11.9132 108.707
11.8412 108.776
11.7712 108.847
11.7 108.918
11.6312 108.991
11.562 109.064
11.494 109.137
11.448 109.188
11.3812 109.262
11.3152 109.337
11.2492 109.413
11.184 109.489
11.12 109.566
11.0572 109.643
10.9948 109.722
10.934 109.801
10.892 109.857
10.8332 109.938
10.776 110.02
10.72 110.103
10.6648 110.186
10.6112 110.271
10.558 110.356
10.5072 110.442
10.456 110.528
10.4072 110.615
10.3652 110.692
10.318 110.78
10.2712 110.869
10.226 110.958
10.182 111.048
10.1392 111.139
10.098 111.23
10.0572 111.321
10.018 111.413
9.9812 111.506
9.948 111.59
9.9132 111.684
9.8792 111.778
9.8472 111.873
9.816 111.968
9.7872 112.064
9.7592 112.16
9.732 112.256
9.7072 112.353
9.6832 112.45
9.66 112.548
9.6392 112.646
9.6192 112.744
9.618 112.751
9.6 112.849
9.582 112.948
9.5672 113.047
9.552 113.146
9.5392 113.245
9.528 113.345
9.5172 113.444
9.508 113.544
9.5012 113.644
9.494 113.744
9.49 113.844
9.4872 113.915
9.4852 114.015
9.4832 114.115
9.484 114.215
9.4852 114.315
9.488 114.415
9.492 114.515
9.4972 114.615
9.504 114.715
9.512 114.815
9.5192 114.899
9.5292 114.999
9.54 115.098
9.552 115.198
9.566 115.297
9.58 115.396
9.596 115.495
9.614 115.593
9.632 115.692
9.652 115.79
9.6732 115.888
9.6952 115.985
9.7192 116.082
9.726 116.109
9.7512 116.206
9.778 116.302
9.806 116.398
9.836 116.494
9.8672 116.589
9.8988 116.684
9.932 116.778
9.966 116.872
10.002 116.966
10.0392 117.059
10.0592 117.108
10.098 117.201
10.138 117.293
10.1792 117.384
10.222 117.475
10.266 117.565
10.312 117.654
10.3592 117.742
10.4092 117.828
10.46 117.914
10.5052 117.986
10.56 118.069
10.6172 118.152
10.6752 118.233
10.734 118.314
10.7928 118.394
10.8352 118.45
13.632 116.425
13.602 116.377
13.5492 116.292
13.4972 116.206
13.4472 116.12
13.3992 116.032
13.3572 115.95
13.314 115.859
13.2732 115.768
13.236 115.675
13.2012 115.581
13.168 115.486
13.1392 115.39
13.112 115.293
13.0872 115.196
13.0692 115.116
13.0492 115.018
13.032 114.919
13.0172 114.82
13.004 114.721
12.994 114.621
12.9872 114.521
12.9812 114.421
12.978 114.321
12.9772 114.22
12.978 114.12
12.9812 114.033
12.986 113.933
12.9932 113.833
13.0032 113.734
13.014 113.634
13.028 113.535
13.0452 113.436
13.064 113.338
13.0852 113.24
13.1032 113.166
13.1292 113.069
13.1572 112.972
13.188 112.877
13.2212 112.782
13.258 112.689
13.2972 112.596
13.338 112.505
13.3832 112.416
13.4232 112.342
13.4732 112.255
13.5252 112.17
13.58 112.086
13.6372 112.004
13.696 111.923
13.7572 111.843
13.82 111.765
13.8852 111.688
13.9512 111.612
14.018 111.537
14.0352 111.519
14.104 111.445
14.174 111.373
14.246 111.302
14.3192 111.233
14.3932 111.166
14.4692 111.101
14.5472 111.038
14.6272 110.977
14.708 110.919
14.7912 110.864
14.87 110.815
14.9572 110.765
15.0452 110.718
15.1352 110.673
15.226 110.632
15.318 110.592
15.4112 110.555
15.416 110.553
15.51 110.519
15.6052 110.486
15.7 110.456
15.796 110.428
15.8932 110.402
15.99 110.379
16.088 110.357
16.144 110.345
16.2432 110.327
16.342 110.31
16.4412 110.296
16.5412 110.284
16.6408 110.274
16.7412 110.267
16.8412 110.262
16.9412 110.26
17.0412 110.261
17.1408 110.265
17.1468 110.265
17.2472 110.272
17.346 110.281
17.446 110.293
17.5452 110.306
17.644 110.32
17.7432 110.335
17.842 110.35
17.9412 110.365
18.018 110.376
18.1172 110.39
18.2172 110.404
18.316 110.416
18.416 110.427
18.5152 110.437
18.6148 110.445
18.714 110.452
18.814 110.457
18.914 110.461
18.984 110.462
19.0828 110.463
19.1832 110.461
19.2832 110.458
19.3832 110.454
19.4832 110.448
19.5828 110.44
19.6832 110.432
19.7832 110.423
19.882 110.412
19.982 110.401
20.0712 110.39
20.1712 110.378
20.27 110.364
20.3692 110.349
20.468 110.334
20.5672 110.317
20.6652 110.299
20.7632 110.279
20.8612 110.258
20.958 110.235
21.0552 110.211
21.1072 110.197
21.2032 110.17
21.2992 110.141
21.394 110.111
21.4892 110.08
21.5828 110.046
21.678 110.012
21.7712 109.977
21.864 109.94
21.9572 109.902
22.05 109.864
22.0872 109.848
22.1788 109.809
22.2712 109.768
22.362 109.727
22.4532 109.684
22.5432 109.64
22.632 109.595
22.7212 109.549
22.8092 109.502
22.896 109.453
22.982 109.402
23.042 109.366
23.1272 109.312
23.21 109.258
23.2932 109.202
23.3752 109.144
23.456 109.085
23.536 109.025
23.616 108.964
23.694 108.902
23.772 108.839
23.798 108.817
23.8752 108.753
23.9512 108.688
24.026 108.622
24.1 108.555
24.174 108.487
24.2472 108.419
24.3192 108.35
24.3908 108.28
24.462 108.209
24.532 108.138
24.5472 108.123
24.6172 108.051
24.6852 107.978
24.754 107.905
24.8212 107.831
24.888 107.756
24.9532 107.681
25.018 107.604
25.0812 107.527
25.1432 107.448
25.204 107.369
25.2612 107.292
25.32 107.21
25.3772 107.128
25.4332 107.045
25.4868 106.961
25.54 106.876
25.592 106.79
25.6432 106.704
25.692 106.616
25.74 106.529
25.7872 106.44
25.8328 106.351
25.8772 106.261
25.886 106.242
25.9288 106.152
25.9712 106.061
26.0112 105.969
26.0508 105.878
26.0892 105.785
26.126 105.692
26.162 105.599
26.1812 105.549
26.2152 105.455
26.248 105.361
26.28 105.266
26.3112 105.171
26.3412 105.076
26.37 104.98
26.3972 104.884
26.424 104.787
26.4492 104.69
26.452 104.677
26.476 104.58
26.4992 104.482
26.52 104.384
26.54 104.286
26.5592 104.188
26.5752 104.089
26.59 103.99
26.604 103.891
26.6152 103.791
26.624 103.692
26.626 103.666
26.6332 103.566
26.6372 103.467
26.64 103.367
26.6412 103.267
26.64 103.167
26.638 103.067
26.6352 102.966
26.63 102.866
26.6232 102.766
26.616 102.666
26.6132 102.629
26.604 102.529
26.594 102.429
26.5832 102.329
26.57 102.23
26.5552 102.131
26.538 102.032
26.5192 101.934
26.4972 101.837
26.4732 101.74
26.4732 101.739
26.446 101.643
26.4172 101.548
26.386 101.453
26.3532 101.358
26.3192 101.264
26.284 101.171
26.248 101.077
26.212 100.983
26.176 100.89
26.1408 100.796
26.134 100.776
26.0992 100.682
23.018 102.48
<AreaDataEnd>

<AreaData:3040701>
22.43 100.716
22.4652 100.81
22.4992 100.904
22.5332 100.998
22.568 101.092
22.602 101.186
22.6352 101.28
22.6692 101.374
22.702 101.469
22.7352 101.563
22.7672 101.658
22.7992 101.752
22.812 101.793
22.8432 101.888
22.8732 101.983
22.9032 102.079
22.932 102.174
22.96 102.27
22.9868 102.367
23.014 102.463
26.0652 100.588
26.032 100.494
25.9992 100.4
25.966 100.305
25.934 100.21
25.9032 100.116
25.8712 100.021
25.8392 99.926
25.808 99.831
25.788 99.771
25.7572 99.676
25.7252 99.581
25.6932 99.486
25.662 99.391
25.63 99.296
25.5992 99.201
25.5672 99.107
25.5352 99.012
25.504 98.917
25.472 98.822
22.43 100.716
<AreaDataEnd>

<AreaData:3040802>
15.2792 118.338
12.1192 120.611
10.9512 118.987
14.1112 116.714
15.2792 118.338
<AreaDataEnd>

<AreaData:4050003>
-18.238 122.667
-18.038 122.667
-18.0472 127.99
-15.9172 127.975
-13.586 127.96
-13.5852 128.16
-15.926 128.176
-18.2472 128.191
-18.238 122.667
<AreaDataEnd>

<AreaData:4050004>
-22.056 122.679
-21.856 122.678
-21.822 131.788
-17.688 131.77
-13.5752 131.752
-13.574 131.952
-17.698 131.97
-22.0212 131.989
-22.056 122.679
<AreaDataEnd>

<AreaData:4050005>
-15.5852 128.193
-15.5752 131.741
-21.802 131.768
-21.836 122.678
-18.258 122.667
-18.2672 128.211
-15.5852 128.193
<AreaDataEnd>

<AreaData:4056701>
-13.5852 128.18
-13.5752 131.732
-15.5752 131.741
-15.5852 128.193
-13.5852 128.18
<AreaDataEnd>

<AreaData:4054502>
-22.062 120.679
-18.044 120.667
-18.038 122.667
-18.238 122.667
-18.258 122.667
-21.836 122.678
-21.856 122.678
-22.056 122.679
-22.062 120.679
<AreaDataEnd>

<AreaData:5020005>
-22.8212 84.177
-22.6212 84.177
-22.6232 84.683
-22.626 85.021
-22.61 85.508
-22.63 94.962
-22.83 94.962
-22.8212 84.177
<AreaDataEnd>

<AreaData:5024401>
-22.428 100.067
-22.2612 92.97
-19.5792 93.036
-18.9888 100.067
-22.428 100.067
<AreaDataEnd>

<AreaData:5020004>
-22.61 85.508
-22.63 94.962
-22.31 94.969
-22.2612 92.97
-22.2892 85.516
-22.61 85.508
<AreaDataEnd>

<AreaData:5020006>
-22.626 85.021
-19.6192 85.089
-19.6072 85.581
-22.2892 85.516
-22.61 85.508
-22.626 85.021
<AreaDataEnd>

<AreaData:5020007>
-22.6232 84.683
-19.6012 84.739
-19.6192 85.089
-22.626 85.021
-22.6232 84.683
<AreaDataEnd>

<AreaData:5020008>
-22.6212 84.177
-19.6112 84.237
-19.6012 84.739
-22.6232 84.683
-22.6212 84.177
<AreaDataEnd>

<AreaData:5020010>
-22.7832 82.177
-19.5732 82.237
-19.6112 84.237
-22.6212 84.177
-22.8212 84.177
-22.7832 82.177
<AreaDataEnd>

<AreaData:5024402>
-22.746 80.177
-19.536 80.238
-19.5732 82.237
-22.7832 82.177
-22.746 80.177
<AreaDataEnd>

<AreaData:5020003>
-22.2892 85.516
-19.6072 85.581
-19.5792 93.036
-22.2612 92.97
-22.2892 85.516
<AreaDataEnd>

<AreaData:6020005>
-28.3412 84.304
-28.1412 84.304
-28.1432 84.793
-28.158 85.126
-28.1432 85.637
-28.1432 94.958
-28.3432 94.958
-28.3412 84.304
<AreaDataEnd>

<AreaData:6024501>
-27.868 99.15
-27.8312 92.957
-25.128 92.946
-24.3516 99.6112
-27.868 99.15
<AreaDataEnd>

<AreaData:6020004>
-28.1432 85.637
-28.1432 94.958
-27.8232 94.957
-27.8312 92.957
-27.8232 85.636
-28.1432 85.637
<AreaDataEnd>

<AreaData:6020006>
-28.158 85.126
-25.1272 85.12
-25.12 85.625
-27.8232 85.636
-28.1432 85.637
-28.158 85.126
<AreaDataEnd>

<AreaData:6020007>
-28.1432 84.793
-25.122 84.775
-25.1272 85.12
-28.158 85.126
-28.1432 84.793
<AreaDataEnd>

<AreaData:6020008>
-28.1412 84.304
-25.1312 84.293
-25.122 84.775
-28.1432 84.793
-28.1412 84.304
<AreaDataEnd>

<AreaData:6020010>
-28.348 82.304
-25.138 82.293
-25.1312 84.293
-28.1412 84.304
-28.3412 84.304
-28.348 82.304
<AreaDataEnd>

<AreaData:6024502>
-28.3552 80.304
-25.1452 80.293
-25.138 82.293
-28.348 82.304
-28.3552 80.304
<AreaDataEnd>

<AreaData:6020003>
-27.8232 85.636
-25.12 85.625
-25.128 92.946
-27.8312 92.957
-27.8232 85.636
<AreaDataEnd>

<AreaData:7010003>
10.092 40.369
10.132 40.369
15.408 40.385
15.4112 42.593
10.116 42.621
10.076 42.621
10.092 40.369
<AreaDataEnd>

<AreaData:7010006>
10.114 33.526
10.314 33.525
10.3312 40.17
15.4092 40.185
15.408 40.385
10.132 40.369
10.114 33.526
<AreaDataEnd>

<AreaData:7010010>
10.116 42.621
15.4112 42.593
15.412 42.793
10.316 42.82
10.328 49.487
10.128 49.487
10.116 42.621
<AreaDataEnd>

<AreaData:7010009>
15.4092 40.185
15.6092 40.185
15.612 42.793
15.412 42.793
15.4112 42.593
15.408 40.385
15.4092 40.185
<AreaDataEnd>

<AreaData:7010005>
3.072 33.568
3.272 33.567
3.3672 49.499
3.1668 49.5
3.072 33.568
<AreaDataEnd>

<AreaData:7010001>
3.0612 31.568
10.302 31.525
10.314 33.525
10.114 33.526
10.094 33.526
3.292 33.566
3.272 33.567
3.072 33.568
3.0612 31.568
<AreaDataEnd>

<AreaData:7010002>
3.1668 49.5
3.3672 49.499
3.3872 49.499
10.108 49.487
10.128 49.487
10.328 49.487
10.332 51.487
3.1712 51.5
3.1668 49.5
<AreaDataEnd>

<AreaData:7010004>
3.272 33.567
3.292 33.566
10.094 33.526
10.114 33.526
10.132 40.369
10.092 40.369
10.076 42.621
10.116 42.621
10.128 49.487
10.108 49.487
3.3872 49.499
3.3672 49.499
3.272 33.567
<AreaDataEnd>

<AreaData:8030005>
10.9072 62.756
10.932 62.756
11.132 62.757
11.124 68.453
10.944 68.631
13.528 68.656
13.5452 76.449
10.962 76.432
11.1432 76.613
11.1732 81.949
10.9732 81.951
10.948 81.951
10.9172 76.387
10.922 76.387
13.5 76.404
13.4832 68.701
10.904 68.676
10.8988 68.676
10.904 64.756
10.9072 62.756
<AreaDataEnd>

<AreaData:8030003>
7.404 62.753
7.604 62.752
7.6292 62.752
7.626 64.752
7.69 81.969
7.6652 81.969
7.4652 81.97
7.404 62.753
<AreaDataEnd>

<AreaData:8030011>
11.124 68.453
13.708 68.478
13.7252 76.63
11.1432 76.613
10.962 76.432
13.5452 76.449
13.528 68.656
10.944 68.631
11.124 68.453
<AreaDataEnd>

<AreaData:8030006>
10.904 68.676
13.4832 68.701
13.5 76.404
10.922 76.387
10.904 68.676
<AreaDataEnd>

<AreaData:8038902>
7.4652 81.97
7.6652 81.969
7.69 81.969
10.948 81.951
10.9732 81.951
11.1732 81.949
11.184 83.949
7.476 83.97
7.4652 81.97
<AreaDataEnd>

<AreaData:8038901>
7.6292 62.752
10.9072 62.756
10.904 64.756
7.626 64.752
7.6292 62.752
<AreaDataEnd>

<AreaData:8030010>
7.626 64.752
10.904 64.756
10.8988 68.676
10.904 68.676
10.922 76.387
10.9172 76.387
10.948 81.951
7.69 81.969
7.626 64.752
<AreaDataEnd>

<AreaData:9040003>
11.4092 97.493
11.428 97.591
11.4468 97.689
11.4652 97.787
11.484 97.886
11.5032 97.984
11.5232 98.082
11.542 98.18
11.562 98.278
11.5832 98.376
11.5912 98.418
11.612 98.516
11.634 98.614
11.6552 98.712
11.6752 98.81
11.6952 98.908
11.714 99.006
11.7312 99.104
11.746 99.202
11.76 99.301
11.7712 99.4
11.774 99.433
11.782 99.532
11.786 99.631
11.788 99.731
11.788 99.831
11.784 99.931
11.778 100.03
11.7692 100.13
11.7572 100.229
11.742 100.328
11.7312 100.392
11.712 100.49
11.69 100.588
11.6648 100.685
11.638 100.781
11.608 100.876
11.576 100.97
11.54 101.064
11.5032 101.157
11.4628 101.248
11.4212 101.339
11.376 101.428
11.3392 101.496
11.2912 101.584
11.24 101.669
11.1872 101.754
11.1312 101.837
11.074 101.919
11.0152 101.999
10.954 102.078
10.8912 102.155
10.8272 102.231
10.76 102.306
10.7332 102.335
10.6648 102.408
10.5952 102.479
10.5232 102.548
10.45 102.616
10.3752 102.682
10.2992 102.747
10.222 102.809
10.1432 102.87
10.062 102.929
9.98 102.987
9.962 102.999
9.878 103.054
9.7928 103.107
9.7072 103.158
9.62 103.207
9.5312 103.254
9.442 103.298
9.3512 103.339
9.2592 103.378
9.166 103.415
9.072 103.448
8.978 103.479
8.928 103.494
8.8312 103.52
8.7352 103.543
8.6372 103.563
8.5392 103.581
8.44 103.596
8.3412 103.608
8.242 103.618
8.142 103.625
8.0428 103.63
8.0292 103.631
7.93 103.634
7.83 103.635
7.73 103.633
7.63 103.63
7.5312 103.625
7.4312 103.619
7.332 103.611
7.232 103.601
7.1332 103.591
7.034 103.579
6.978 103.571
6.8792 103.557
6.7792 103.543
6.68 103.529
6.5812 103.516
6.4812 103.504
6.386 103.495
6.286 103.488
6.1848 103.483
6.0852 103.481
5.9852 103.48
5.884 103.481
5.784 103.484
5.684 103.488
5.5832 103.493
5.4832 103.498
5.402 103.503
5.302 103.509
5.202 103.516
5.1012 103.523
5.002 103.531
4.902 103.54
4.802 103.55
4.702 103.561
4.6032 103.573
4.504 103.587
4.4052 103.602
4.38 103.606
4.2812 103.624
4.182 103.643
4.084 103.664
3.986 103.686
3.8892 103.711
3.792 103.736
3.6952 103.763
3.5992 103.792
3.564 103.803
3.468 103.834
3.3732 103.866
3.2792 103.899
3.184 103.934
3.0912 103.97
2.998 104.008
2.9048 104.047
2.814 104.087
2.756 104.114
2.6652 104.157
2.5752 104.201
2.4852 104.246
2.3968 104.293
2.308 104.34
2.2212 104.389
2.134 104.439
2.048 104.491
1.962 104.543
1.8772 104.596
1.792 104.65
1.708 104.705
1.6252 104.761
1.5852 104.789
1.502 104.846
1.42 104.904
1.338 104.963
1.2568 105.022
1.1772 105.083
1.098 105.145
1.0188 105.207
0.9412 105.271
0.864 105.335
0.788 105.401
0.7132 105.468
0.6392 105.535
0.566 105.604
0.494 105.674
0.4232 105.745
0.354 105.817
0.3488 105.822
0.2812 105.896
0.214 105.971
0.148 106.046
0.084 106.123
0.02 106.201
-0.042 106.28
-0.1032 106.359
-0.164 106.439
-0.2232 106.521
-0.2812 106.602
-0.338 106.685
-0.3952 106.768
-0.45 106.851
-0.4512 106.852
-0.5052 106.936
-0.5592 107.021
-0.612 107.106
-0.664 107.192
-0.7152 107.278
-0.7652 107.365
-0.814 107.452
-0.862 107.541
-0.9092 107.629
-0.954 107.719
-0.958 107.726
-1.002 107.816
-1.0452 107.907
-1.0872 107.998
-1.1272 108.091
-1.166 108.183
-1.2032 108.277
-1.238 108.371
-1.272 108.465
-1.3032 108.561
-1.3192 108.611
-1.348 108.707
-1.374 108.804
-1.3992 108.901
-1.422 108.999
-1.444 109.097
-1.4652 109.195
-1.486 109.293
-1.5048 109.391
-1.524 109.49
-1.5252 109.491
-1.544 109.59
-1.562 109.688
-1.58 109.787
-1.5972 109.885
-1.614 109.984
-1.6292 110.083
-1.6432 110.183
-1.6552 110.282
-1.664 110.358
-1.674 110.458
-1.6812 110.558
-1.688 110.658
-1.692 110.759
-1.694 110.859
-1.6952 110.96
-1.694 111.06
-1.6912 111.161
-1.6872 111.261
-1.6852 111.287
-1.678 111.387
-1.6692 111.487
-1.6592 111.587
-1.6472 111.687
-1.634 111.786
-1.6192 111.885
-1.604 111.985
-1.5872 112.083
-1.5692 112.182
-1.5572 112.251
-1.538 112.349
-1.518 112.447
-1.4972 112.546
-1.476 112.643
-1.4532 112.741
-1.43 112.839
-1.4052 112.936
-1.3792 113.033
-1.352 113.129
-1.334 113.191
-1.3052 113.287
-1.274 113.382
-1.242 113.477
-1.208 113.572
-1.1732 113.666
-1.136 113.76
-1.098 113.852
-1.058 113.944
-1.0392 113.986
-0.9972 114.077
-0.9532 114.167
-0.9072 114.257
-0.86 114.346
-0.812 114.434
-0.7632 114.521
-0.712 114.608
-0.6612 114.694
-0.6432 114.723
-0.5912 114.809
-0.5372 114.894
-0.484 114.978
-0.4292 115.062
-0.3752 115.146
-0.32 115.23
-0.308 115.249
-0.4752 115.358
-0.488 115.339
-0.542 115.255
-0.5972 115.171
-0.652 115.086
-0.706 115
-0.76 114.914
-0.814 114.828
-0.832 114.797
-0.8852 114.709
-0.936 114.621
-0.9872 114.531
-1.036 114.44
-1.0852 114.349
-1.132 114.257
-1.1772 114.163
-1.2212 114.07
-1.2412 114.025
-1.282 113.93
-1.322 113.834
-1.36 113.738
-1.396 113.641
-1.4312 113.543
-1.464 113.445
-1.496 113.347
-1.526 113.248
-1.544 113.184
-1.572 113.085
-1.5992 112.986
-1.624 112.887
-1.648 112.787
-1.6712 112.687
-1.6932 112.588
-1.714 112.488
-1.734 112.388
-1.7532 112.288
-1.766 112.218
-1.784 112.118
-1.8012 112.017
-1.8172 111.915
-1.832 111.814
-1.8452 111.712
-1.858 111.609
-1.868 111.506
-1.8772 111.403
-1.8852 111.3
-1.886 111.271
-1.8912 111.168
-1.894 111.064
-1.8952 110.96
-1.894 110.856
-1.892 110.752
-1.8872 110.648
-1.8812 110.544
-1.8732 110.44
-1.8632 110.337
-1.854 110.258
-1.8412 110.156
-1.8272 110.054
-1.8112 109.953
-1.794 109.852
-1.7772 109.752
-1.7592 109.652
-1.74 109.552
-1.7212 109.453
-1.7212 109.452
-1.7012 109.353
-1.682 109.253
-1.6612 109.154
-1.64 109.054
-1.6172 108.953
-1.5932 108.853
-1.5672 108.753
-1.54 108.653
-1.51 108.553
-1.494 108.499
-1.4612 108.401
-1.426 108.302
-1.39 108.205
-1.3512 108.108
-1.3112 108.012
-1.27 107.917
-1.2272 107.823
-1.182 107.729
-1.1372 107.637
-1.1332 107.628
-1.086 107.537
-1.038 107.446
-0.9892 107.356
-0.9392 107.266
-0.888 107.177
-0.836 107.089
-0.7832 107.001
-0.7292 106.914
-0.674 106.828
-0.618 106.743
-0.6172 106.741
-0.5612 106.656
-0.5032 106.572
-0.4452 106.487
-0.3852 106.404
-0.324 106.32
-0.2632 106.238
-0.2 106.156
-0.1352 106.075
-0.07 105.995
-0.004 105.916
0.064 105.838
0.1332 105.761
0.2032 105.686
0.2092 105.68
0.28 105.605
0.354 105.532
0.428 105.46
0.5032 105.389
0.5792 105.319
0.656 105.25
0.7352 105.183
0.814 105.117
0.894 105.051
0.974 104.987
1.056 104.924
1.138 104.862
1.22 104.801
1.304 104.741
1.3872 104.682
1.472 104.624
1.5128 104.596
1.598 104.539
1.6832 104.482
1.77 104.427
1.8572 104.373
1.9452 104.319
2.0332 104.267
2.122 104.215
2.212 104.165
2.302 104.116
2.394 104.068
2.486 104.022
2.578 103.976
2.672 103.932
2.732 103.905
2.826 103.863
2.9212 103.823
3.0172 103.784
3.114 103.747
3.21 103.711
3.308 103.677
3.406 103.644
3.504 103.612
3.5412 103.601
3.6392 103.571
3.7392 103.543
3.8392 103.517
3.94 103.492
4.0412 103.469
4.142 103.447
4.244 103.427
4.346 103.409
4.3732 103.405
4.4752 103.389
4.5772 103.375
4.6792 103.362
4.7812 103.351
4.8832 103.341
4.9852 103.332
5.086 103.324
5.188 103.316
5.2892 103.31
5.39 103.303
5.472 103.299
5.5732 103.293
5.6752 103.288
5.778 103.284
5.8812 103.281
5.984 103.28
6.088 103.281
6.1928 103.283
6.298 103.288
6.4028 103.296
6.5032 103.306
6.606 103.318
6.7072 103.331
6.808 103.345
6.906 103.359
7.004 103.373
7.0592 103.38
7.156 103.392
7.2532 103.402
7.3492 103.412
7.446 103.419
7.542 103.426
7.638 103.43
7.734 103.433
7.83 103.434
7.926 103.434
8.0232 103.431
8.0332 103.431
8.13 103.426
8.2252 103.419
8.3192 103.409
8.4132 103.397
8.506 103.383
8.5992 103.367
8.6912 103.348
8.782 103.326
8.8732 103.301
8.918 103.288
9.008 103.259
9.096 103.227
9.184 103.193
9.27 103.156
9.356 103.117
9.4412 103.075
9.5252 103.031
9.608 102.985
9.6892 102.937
9.77 102.886
9.8512 102.833
9.8672 102.822
9.946 102.767
10.022 102.711
10.098 102.652
10.172 102.593
10.244 102.531
10.316 102.468
10.386 102.403
10.454 102.337
10.5212 102.269
10.5872 102.199
10.612 102.172
10.6752 102.1
10.7372 102.028
10.7972 101.954
10.8552 101.878
10.912 101.802
10.966 101.724
11.0192 101.645
11.0692 101.565
11.1172 101.483
11.164 101.401
11.198 101.336
11.2412 101.251
11.2812 101.166
11.3192 101.079
11.354 100.991
11.3872 100.903
11.418 100.813
11.446 100.723
11.472 100.632
11.496 100.541
11.516 100.449
11.5352 100.356
11.5452 100.296
11.5592 100.202
11.57 100.109
11.5792 100.015
11.584 99.921
11.588 99.827
11.588 99.732
11.5872 99.638
11.582 99.544
11.5752 99.45
11.572 99.421
11.5612 99.326
11.548 99.232
11.534 99.137
11.5172 99.042
11.4992 98.946
11.4788 98.85
11.4592 98.754
11.438 98.656
11.4172 98.558
11.396 98.46
11.3872 98.417
11.366 98.319
11.346 98.22
11.326 98.121
11.3072 98.022
11.288 97.923
11.2692 97.825
11.25 97.726
11.2312 97.628
11.2128 97.53
11.4092 97.493
<AreaDataEnd>

<AreaData:9040004>
14.522 95.457
14.5492 95.553
14.576 95.649
14.6032 95.746
14.63 95.842
14.6572 95.938
14.6832 96.035
14.71 96.131
14.736 96.228
14.762 96.325
14.7872 96.421
14.8132 96.518
14.838 96.615
14.8632 96.712
14.8872 96.809
14.896 96.845
14.92 96.942
14.944 97.04
14.9672 97.137
14.99 97.234
15.012 97.332
15.034 97.43
15.0552 97.527
15.076 97.625
15.096 97.723
15.116 97.822
15.136 97.92
15.1432 97.954
15.1612 98.053
15.18 98.151
15.1972 98.25
15.214 98.349
15.23 98.448
15.2452 98.547
15.2592 98.646
15.272 98.746
15.2832 98.845
15.2932 98.945
15.3012 99.035
15.308 99.135
15.314 99.236
15.318 99.336
15.32 99.436
15.322 99.537
15.3212 99.637
15.32 99.737
15.3172 99.838
15.312 99.938
15.3072 100.038
15.304 100.08
15.296 100.18
15.288 100.28
15.278 100.38
15.2672 100.48
15.254 100.58
15.24 100.679
15.2252 100.778
15.2092 100.877
15.192 100.976
15.1732 101.075
15.1532 101.173
15.132 101.271
15.128 101.292
15.1052 101.39
15.0812 101.488
15.056 101.585
15.03 101.682
15.002 101.778
14.974 101.874
14.944 101.97
14.912 102.066
14.88 102.16
14.846 102.255
14.8112 102.349
14.7952 102.39
14.758 102.483
14.7192 102.576
14.68 102.668
14.6392 102.76
14.5972 102.851
14.554 102.942
14.5092 103.032
14.464 103.121
14.4172 103.21
14.37 103.299
14.3212 103.386
14.2892 103.443
14.2392 103.53
14.188 103.616
14.136 103.702
14.082 103.787
14.0272 103.871
13.972 103.955
13.9152 104.037
13.856 104.119
13.7972 104.2
13.736 104.279
13.7132 104.309
13.65 104.388
13.586 104.465
13.5212 104.541
13.454 104.616
13.3872 104.69
13.318 104.764
13.2492 104.836
13.178 104.908
13.1072 104.979
13.0352 105.049
13.002 105.08
12.9292 105.149
12.8552 105.218
12.7812 105.285
12.7052 105.352
12.6292 105.417
12.5532 105.482
12.4752 105.545
12.396 105.608
12.3172 105.669
12.2372 105.729
12.1712 105.776
12.088 105.834
12.0052 105.89
11.9212 105.945
11.836 105.998
11.7512 106.051
11.664 106.101
11.5772 106.151
11.4892 106.2
11.4 106.247
11.3112 106.293
11.2212 106.338
11.13 106.382
11.0392 106.424
10.9468 106.466
10.8552 106.507
10.762 106.546
10.6692 106.584
10.5752 106.622
10.482 106.658
10.3872 106.694
10.346 106.709
10.2512 106.743
10.156 106.776
10.0612 106.808
9.9652 106.839
9.87 106.869
9.7732 106.898
9.6772 106.925
9.58 106.951
9.4832 106.976
9.386 107
9.288 107.022
9.19 107.043
9.0912 107.063
8.9992 107.08
8.9 107.096
8.8012 107.111
8.7012 107.125
8.602 107.137
8.502 107.147
8.402 107.156
8.3012 107.163
8.2012 107.168
8.1 107.172
8 107.174
7.9 107.174
7.8132 107.173
7.712 107.17
7.612 107.166
7.512 107.16
7.412 107.153
7.312 107.145
7.212 107.136
7.1132 107.126
7.0132 107.116
6.9132 107.105
6.842 107.097
6.742 107.086
6.6432 107.075
6.5432 107.064
6.444 107.054
6.3452 107.044
6.2452 107.035
6.146 107.028
6.046 107.021
5.9472 107.017
5.8472 107.013
5.762 107.012
5.662 107.012
5.562 107.015
5.462 107.02
5.3632 107.027
5.264 107.037
5.1652 107.05
5.0672 107.066
4.9692 107.085
4.9152 107.096
4.818 107.12
4.722 107.147
4.6272 107.177
4.5332 107.21
4.44 107.246
4.348 107.284
4.2572 107.324
4.166 107.367
4.1528 107.374
4.064 107.419
3.976 107.466
3.8892 107.515
3.8032 107.567
3.7192 107.62
3.636 107.675
3.554 107.732
3.4732 107.79
3.394 107.851
3.3192 107.911
3.242 107.976
3.168 108.042
3.0952 108.109
3.0232 108.179
2.9532 108.25
2.8848 108.323
2.8192 108.397
2.754 108.473
2.7132 108.524
2.6508 108.603
2.592 108.683
2.534 108.765
2.4792 108.848
2.426 108.932
2.3752 109.018
2.3272 109.105
2.2812 109.193
2.268 109.22
2.2252 109.31
2.1852 109.4
2.1468 109.492
2.1112 109.585
2.078 109.679
2.0472 109.774
2.018 109.869
1.99 109.966
1.9652 110.063
1.95 110.123
1.928 110.221
1.908 110.319
1.89 110.417
1.8752 110.516
1.8632 110.615
1.8532 110.715
1.848 110.814
1.846 110.913
1.8472 111.012
1.848 111.025
1.854 111.124
1.8652 111.222
1.878 111.32
1.894 111.419
1.9132 111.517
1.9332 111.615
1.9552 111.713
1.9692 111.775
1.9912 111.872
2.014 111.97
2.0392 112.067
2.066 112.163
2.0952 112.258
2.1268 112.351
2.1452 112.399
2.182 112.49
2.2232 112.58
2.266 112.669
2.312 112.757
2.3612 112.845
2.4112 112.931
2.462 113.017
2.5152 113.103
2.568 113.189
2.586 113.218
2.756 113.113
2.738 113.083
2.6852 112.998
2.6332 112.914
2.5832 112.83
2.5352 112.746
2.488 112.662
2.444 112.579
2.404 112.495
2.366 112.411
2.3312 112.326
2.3152 112.284
2.2852 112.196
2.258 112.107
2.232 112.015
2.2092 111.922
2.186 111.827
2.164 111.73
2.15 111.67
2.1292 111.573
2.1092 111.478
2.0912 111.384
2.076 111.291
2.0632 111.198
2.054 111.107
2.048 111.014
2.0472 111.006
2.046 110.913
2.048 110.822
2.0532 110.73
2.0612 110.637
2.0732 110.544
2.0872 110.45
2.104 110.357
2.124 110.263
2.1452 110.168
2.1588 110.112
2.1832 110.018
2.2092 109.926
2.2372 109.834
2.2672 109.744
2.2992 109.655
2.3332 109.566
2.3692 109.479
2.4072 109.393
2.448 109.307
2.4592 109.284
2.5032 109.2
2.5492 109.118
2.5972 109.037
2.6468 108.957
2.7 108.878
2.754 108.8
2.81 108.724
2.8692 108.649
2.908 108.601
2.97 108.528
3.0332 108.458
3.098 108.388
3.164 108.321
3.232 108.254
3.302 108.19
3.3732 108.127
3.446 108.066
3.5172 108.008
3.5932 107.95
3.67 107.894
3.748 107.84
3.8272 107.788
3.908 107.737
3.9892 107.688
4.072 107.641
4.156 107.596
4.242 107.553
4.2532 107.547
4.34 107.506
4.4268 107.468
4.514 107.432
4.602 107.398
4.6912 107.367
4.78 107.339
4.8692 107.314
4.96 107.291
5.0092 107.28
5.1012 107.263
5.194 107.248
5.2872 107.236
5.38 107.226
5.4752 107.219
5.57 107.215
5.6652 107.212
5.7612 107.212
5.842 107.213
5.938 107.216
6.0352 107.221
6.132 107.227
6.2292 107.235
6.326 107.243
6.424 107.253
6.522 107.263
6.6212 107.274
6.72 107.285
6.82 107.296
6.892 107.304
6.992 107.314
7.0932 107.325
7.194 107.335
7.2952 107.344
7.3972 107.352
7.4992 107.359
7.602 107.365
7.7052 107.37
7.808 107.373
7.8992 107.374
8.002 107.374
8.106 107.372
8.21 107.368
8.314 107.362
8.4172 107.355
8.5212 107.346
8.624 107.335
8.7272 107.323
8.8292 107.309
8.932 107.294
9.034 107.277
9.1292 107.259
9.23 107.239
9.3312 107.218
9.4308 107.195
9.532 107.17
9.6312 107.145
9.7312 107.118
9.8292 107.09
9.928 107.06
10.026 107.03
10.124 106.998
10.2212 106.965
10.318 106.931
10.414 106.897
10.4572 106.881
10.5532 106.845
10.6488 106.808
10.744 106.77
10.8392 106.73
10.934 106.69
11.0292 106.649
11.122 106.606
11.216 106.562
11.3092 106.518
11.4012 106.471
11.4932 106.424
11.584 106.376
11.6752 106.326
11.764 106.275
11.8532 106.222
11.942 106.168
12.0292 106.113
12.116 106.057
12.202 105.999
12.2872 105.939
12.3552 105.89
12.438 105.828
12.52 105.765
12.6 105.701
12.68 105.636
12.7592 105.569
12.8372 105.502
12.914 105.434
12.99 105.365
13.0652 105.296
13.14 105.225
13.174 105.192
13.2472 105.121
13.32 105.049
13.392 104.976
13.4632 104.901
13.534 104.826
13.6032 104.75
13.672 104.672
13.7392 104.594
13.8052 104.514
13.8692 104.434
13.894 104.402
13.9572 104.32
14.018 104.236
14.078 104.152
14.1372 104.067
14.1952 103.981
14.2512 103.895
14.306 103.807
14.3592 103.719
14.412 103.631
14.4632 103.542
14.496 103.484
14.546 103.394
14.594 103.304
14.642 103.213
14.688 103.121
14.734 103.029
14.778 102.936
14.8212 102.843
14.8632 102.748
14.904 102.654
14.9432 102.559
14.9812 102.463
14.998 102.42
15.034 102.324
15.068 102.227
15.102 102.129
15.134 102.031
15.1652 101.933
15.194 101.834
15.2232 101.735
15.2492 101.636
15.2752 101.536
15.3 101.436
15.3232 101.337
15.328 101.314
15.3492 101.214
15.37 101.113
15.3892 101.012
15.406 100.911
15.4232 100.809
15.438 100.708
15.452 100.606
15.4652 100.504
15.4772 100.401
15.4872 100.299
15.496 100.197
15.5032 100.094
15.506 100.05
15.512 99.948
15.5172 99.845
15.52 99.742
15.5212 99.639
15.522 99.536
15.52 99.432
15.518 99.329
15.5132 99.226
15.508 99.123
15.5 99.02
15.492 98.926
15.482 98.824
15.47 98.722
15.4572 98.62
15.4432 98.518
15.428 98.417
15.4112 98.316
15.394 98.216
15.3772 98.115
15.358 98.016
15.3392 97.916
15.332 97.881
15.312 97.782
15.292 97.683
15.272 97.584
15.2512 97.485
15.2292 97.387
15.2072 97.288
15.1852 97.19
15.162 97.091
15.138 96.993
15.1152 96.895
15.0912 96.797
15.0812 96.76
15.0572 96.662
15.032 96.565
15.006 96.467
14.9812 96.37
14.9552 96.273
14.9292 96.176
14.9032 96.079
14.876 95.982
14.8492 95.885
14.8232 95.789
14.796 95.692
14.7692 95.595
14.742 95.499
14.7152 95.403
14.522 95.457
<AreaDataEnd>

<AreaData:9040005>
11.7912 99.398
11.794 99.431
11.802 99.531
11.806 99.631
11.808 99.731
11.808 99.831
11.804 99.931
11.798 100.032
11.7892 100.132
11.7768 100.231
11.762 100.331
11.7512 100.396
11.732 100.495
11.71 100.592
11.6852 100.69
11.6572 100.786
11.6272 100.882
11.594 100.977
11.5592 101.071
11.5212 101.164
11.4812 101.256
11.4392 101.347
11.394 101.437
11.3572 101.506
11.308 101.594
11.2572 101.68
11.2032 101.765
11.148 101.848
11.09 101.93
11.0312 102.011
10.97 102.09
10.906 102.168
10.842 102.245
10.7752 102.319
10.748 102.349
10.6792 102.422
10.6092 102.493
10.5372 102.563
10.4628 102.631
10.388 102.697
10.312 102.762
10.234 102.825
10.1552 102.886
10.074 102.946
9.992 103.003
9.9732 103.016
9.8892 103.071
9.804 103.125
9.7172 103.176
9.6292 103.225
9.54 103.272
9.45 103.316
9.3592 103.358
9.2672 103.397
9.1732 103.433
9.0792 103.467
8.984 103.498
8.9332 103.513
8.836 103.539
8.7392 103.562
8.6412 103.583
8.542 103.6
8.4432 103.615
8.3432 103.628
8.244 103.638
8.144 103.645
8.044 103.65
8.03 103.651
7.93 103.654
7.83 103.655
7.73 103.653
7.63 103.65
7.53 103.645
7.43 103.639
7.33 103.631
7.23 103.621
7.1312 103.61
7.0312 103.598
6.9752 103.591
6.876 103.577
6.7772 103.563
6.678 103.549
6.578 103.536
6.4792 103.524
6.384 103.515
6.284 103.508
6.1848 103.503
6.0852 103.501
5.9852 103.5
5.8852 103.501
5.7852 103.504
5.6848 103.508
5.584 103.513
5.484 103.518
5.4028 103.523
5.3032 103.529
5.2032 103.536
5.1032 103.543
5.0032 103.551
4.904 103.56
4.804 103.57
4.7052 103.581
4.6052 103.593
4.5072 103.607
4.408 103.622
4.3832 103.626
4.2852 103.643
4.186 103.663
4.0892 103.683
3.9912 103.706
3.894 103.73
3.7972 103.756
3.7012 103.783
3.6052 103.811
3.57 103.822
3.4752 103.853
3.38 103.885
3.2852 103.918
3.192 103.953
3.098 103.989
3.0052 104.026
2.9128 104.065
2.822 104.106
2.764 104.132
2.674 104.175
2.584 104.219
2.4952 104.264
2.406 104.31
2.318 104.358
2.2312 104.407
2.144 104.457
2.058 104.508
1.972 104.56
1.8872 104.613
1.8032 104.667
1.7192 104.722
1.636 104.778
1.596 104.805
1.5128 104.862
1.4312 104.92
1.35 104.979
1.2688 105.038
1.1892 105.099
1.11 105.16
1.032 105.223
0.954 105.286
0.8772 105.351
0.8012 105.416
0.7272 105.482
0.6532 105.55
0.58 105.619
0.508 105.688
0.438 105.759
0.368 105.831
0.364 105.836
0.296 105.909
0.2292 105.984
0.164 106.059
0.0992 106.136
0.036 106.213
-0.026 106.292
-0.0868 106.371
-0.1472 106.451
-0.2072 106.532
-0.2652 106.614
-0.322 106.696
-0.378 106.779
-0.434 106.863
-0.434 106.863
-0.4892 106.947
-0.542 107.031
-0.5952 107.116
-0.6472 107.202
-0.698 107.288
-0.748 107.375
-0.796 107.462
-0.844 107.55
-0.8912 107.639
-0.936 107.728
-0.94 107.735
-0.984 107.825
-1.0272 107.915
-1.0692 108.007
-1.1092 108.098
-1.1472 108.191
-1.184 108.284
-1.22 108.378
-1.2528 108.472
-1.284 108.567
-1.3 108.617
-1.328 108.713
-1.3552 108.809
-1.3792 108.906
-1.4032 109.003
-1.4252 109.101
-1.446 109.199
-1.466 109.297
-1.486 109.395
-1.5048 109.493
-1.5048 109.495
-1.524 109.593
-1.542 109.692
-1.56 109.79
-1.578 109.889
-1.594 109.987
-1.6092 110.086
-1.6232 110.185
-1.636 110.284
-1.644 110.36
-1.654 110.46
-1.6612 110.559
-1.668 110.659
-1.672 110.759
-1.674 110.859
-1.6752 110.96
-1.674 111.06
-1.6712 111.16
-1.6672 111.26
-1.6652 111.286
-1.658 111.386
-1.6492 111.485
-1.6392 111.585
-1.6272 111.684
-1.614 111.783
-1.6 111.882
-1.584 111.981
-1.5672 112.08
-1.55 112.179
-1.5372 112.247
-1.518 112.345
-1.498 112.443
-1.478 112.541
-1.456 112.639
-1.434 112.737
-1.41 112.834
-1.386 112.931
-1.36 113.027
-1.3332 113.124
-1.3152 113.185
-1.286 113.281
-1.2548 113.376
-1.2232 113.471
-1.19 113.565
-1.154 113.659
-1.118 113.752
-1.08 113.845
-1.04 113.936
-1.0208 113.978
-0.9792 114.069
-0.9352 114.159
-0.8892 114.248
-0.8432 114.336
-0.7952 114.424
-0.7452 114.511
-0.6948 114.598
-0.644 114.684
-0.626 114.713
-0.574 114.798
-0.52 114.883
-0.4672 114.967
-0.4132 115.051
-0.358 115.135
-0.3032 115.219
-0.2912 115.238
2.5692 113.229
2.5512 113.199
2.4972 113.114
2.4452 113.028
2.3928 112.941
2.3432 112.854
2.2952 112.767
2.248 112.678
2.204 112.589
2.164 112.498
2.126 112.406
2.108 112.358
2.076 112.264
2.0472 112.168
2.02 112.072
1.9952 111.975
1.972 111.877
1.9492 111.779
1.9352 111.717
1.914 111.619
1.8932 111.521
1.8752 111.422
1.858 111.323
1.8452 111.225
1.8352 111.125
1.828 111.026
1.8272 111.012
1.826 110.913
1.828 110.813
1.834 110.713
1.8432 110.613
1.8552 110.514
1.87 110.414
1.888 110.315
1.9092 110.216
1.9312 110.118
1.946 110.058
1.9712 109.961
1.998 109.864
2.028 109.768
2.0592 109.673
2.0932 109.578
2.128 109.485
2.1668 109.393
2.2072 109.301
2.25 109.211
2.2632 109.184
2.3092 109.096
2.358 109.008
2.4088 108.922
2.462 108.837
2.518 108.754
2.576 108.672
2.6348 108.591
2.6972 108.512
2.7392 108.461
2.804 108.384
2.87 108.309
2.9392 108.236
3.0092 108.165
3.0812 108.095
3.154 108.027
3.2292 107.961
3.306 107.896
3.382 107.835
3.4612 107.774
3.542 107.715
3.624 107.658
3.708 107.603
3.7932 107.549
3.8792 107.498
3.966 107.449
4.054 107.401
4.144 107.356
4.158 107.349
4.248 107.306
4.34 107.266
4.4332 107.227
4.5272 107.191
4.6212 107.158
4.7172 107.128
4.8132 107.101
4.91 107.077
4.9652 107.065
5.0632 107.046
5.162 107.03
5.2612 107.017
5.3612 107.007
5.4612 107
5.5612 106.995
5.662 106.992
5.762 106.992
5.8472 106.993
5.9472 106.997
6.0472 107.001
6.1472 107.008
6.2472 107.016
6.346 107.024
6.446 107.034
6.546 107.044
6.6452 107.055
6.7452 107.066
6.844 107.077
6.916 107.085
7.0152 107.096
7.1152 107.106
7.214 107.116
7.314 107.125
7.414 107.133
7.5132 107.14
7.6132 107.146
7.7132 107.15
7.8132 107.153
7.9 107.154
8 107.154
8.1 107.152
8.2 107.148
8.3 107.143
8.4 107.136
8.5 107.127
8.5992 107.117
8.6992 107.105
8.798 107.092
8.8972 107.077
8.996 107.06
9.088 107.043
9.186 107.024
9.2832 107.003
9.3812 106.981
9.478 106.957
9.5752 106.932
9.672 106.906
9.768 106.878
9.864 106.85
9.9592 106.82
10.0552 106.789
10.15 106.757
10.2448 106.724
10.3392 106.69
10.38 106.675
10.474 106.639
10.568 106.603
10.6612 106.566
10.754 106.528
10.8472 106.488
10.9392 106.448
11.03 106.406
11.1212 106.364
11.212 106.32
11.302 106.275
11.3912 106.229
11.4788 106.182
11.5672 106.134
11.654 106.084
11.74 106.033
11.826 105.981
11.9112 105.928
11.994 105.873
12.0772 105.817
12.1592 105.76
12.2252 105.712
12.3052 105.653
12.384 105.592
12.462 105.53
12.54 105.466
12.6172 105.402
12.692 105.336
12.7672 105.27
12.842 105.203
12.9148 105.135
12.988 105.066
13.0212 105.034
13.0932 104.964
13.164 104.894
13.234 104.822
13.304 104.75
13.372 104.677
13.4392 104.603
13.506 104.528
13.5712 104.452
13.634 104.375
13.6972 104.297
13.72 104.267
13.7812 104.188
13.84 104.107
13.898 104.026
13.9552 103.943
14.0112 103.86
14.0652 103.776
14.1192 103.691
14.1712 103.606
14.222 103.52
14.272 103.433
14.304 103.377
14.352 103.289
14.4 103.201
14.446 103.112
14.492 103.023
14.536 102.933
14.5792 102.843
14.6212 102.752
14.6612 102.66
14.7012 102.568
14.7392 102.476
14.776 102.383
14.792 102.342
14.8272 102.248
14.8612 102.154
14.8932 102.059
14.9252 101.964
14.954 101.869
14.9832 101.773
15.0112 101.676
15.0372 101.58
15.062 101.483
15.0852 101.386
15.108 101.288
15.1132 101.267
15.134 101.169
15.154 101.071
15.172 100.972
15.19 100.874
15.206 100.775
15.2212 100.676
15.234 100.577
15.2472 100.478
15.258 100.378
15.268 100.279
15.2772 100.179
15.284 100.079
15.2872 100.037
15.292 99.937
15.2972 99.837
15.3 99.737
15.3012 99.637
15.302 99.537
15.3 99.437
15.298 99.337
15.294 99.237
15.288 99.137
15.2812 99.037
15.2732 98.947
15.2632 98.847
15.252 98.748
15.2392 98.649
15.2252 98.55
15.21 98.451
15.194 98.352
15.178 98.253
15.16 98.155
15.142 98.056
15.1232 97.958
15.116 97.924
15.0972 97.825
15.0772 97.727
15.056 97.63
15.0352 97.532
15.014 97.434
14.992 97.336
11.7912 99.398
<AreaDataEnd>

<AreaData:9040801>
11.4292 97.489
11.448 97.587
11.466 97.685
11.4852 97.784
11.504 97.882
11.5232 97.98
11.542 98.078
11.562 98.176
11.582 98.274
11.602 98.372
11.6112 98.414
11.632 98.512
11.6532 98.61
11.674 98.708
11.6952 98.806
11.7152 98.904
11.7332 99.002
11.7512 99.101
11.766 99.2
11.78 99.299
14.97 97.239
14.9472 97.142
14.924 97.044
14.9012 96.947
14.8772 96.85
14.868 96.814
14.8432 96.717
14.8192 96.62
14.794 96.523
14.768 96.426
14.742 96.33
14.716 96.233
14.69 96.137
14.664 96.04
14.6372 95.944
14.6112 95.847
14.584 95.751
14.5572 95.655
14.53 95.558
14.5032 95.462
11.4292 97.489
<AreaDataEnd>

<AreaData:9040802>
4.1832 115.166
0.9512 117.411
-0.19 115.769
3.0412 113.524
4.1832 115.166
<AreaDataEnd>

<AreaData:10010003>
-4.3472 40.471
-4.3072 40.471
0.936 40.466
0.958 42.631
-4.284 42.666
-4.324 42.666
-4.3472 40.471
<AreaDataEnd>

<AreaData:10010006>
-4.4132 33.696
-4.2132 33.693
-4.11 40.271
0.936 40.266
0.936 40.466
-4.3072 40.471
-4.4132 33.696
<AreaDataEnd>

<AreaData:10010010>
-4.284 42.666
0.958 42.631
0.96 42.831
-4.0812 42.865
-3.992 49.358
-4.192 49.361
-4.284 42.666
<AreaDataEnd>

<AreaData:10010009>
0.936 40.266
1.136 40.264
1.16 42.829
0.96 42.831
0.958 42.631
0.936 40.466
0.936 40.266
<AreaDataEnd>

<AreaData:10010005>
-11.296 33.787
-11.096 33.784
-10.8892 49.452
-11.0892 49.455
-11.296 33.787
<AreaDataEnd>

<AreaData:10010001>
-11.322 31.787
-4.24 31.693
-4.2132 33.693
-4.4132 33.696
-4.4332 33.696
-11.076 33.784
-11.096 33.784
-11.296 33.787
-11.322 31.787
<AreaDataEnd>

<AreaData:10010002>
-11.0892 49.455
-10.8892 49.452
-10.8692 49.452
-4.212 49.361
-4.192 49.361
-3.992 49.358
-3.9652 51.358
-11.062 51.455
-11.0892 49.455
<AreaDataEnd>

<AreaData:10010004>
-11.096 33.784
-11.076 33.784
-4.4332 33.696
-4.4132 33.696
-4.3072 40.471
-4.3472 40.471
-4.324 42.666
-4.284 42.666
-4.192 49.361
-4.212 49.361
-10.8692 49.452
-10.8892 49.452
-11.096 33.784
<AreaDataEnd>

<AreaData:11030005>
-3.358 62.828
-3.3332 62.828
-3.1332 62.828
-3.138 68.744
-3.318 68.923
-0.758 68.937
-0.7972 76.627
-3.3032 76.61
-3.122 76.791
-3.1 81.972
-3.3 81.973
-3.3252 81.973
-3.348 76.565
-3.3432 76.565
-0.842 76.582
-0.8032 68.982
-3.358 68.968
-3.3632 68.968
-3.36 64.828
-3.358 62.828
<AreaDataEnd>

<AreaData:11030003>
-6.7492 62.825
-6.5492 62.825
-6.524 62.825
-6.526 64.825
-6.4832 81.98
-6.508 81.98
-6.708 81.98
-6.7492 62.825
<AreaDataEnd>

<AreaData:11030011>
-3.138 68.744
-0.5772 68.758
-0.618 76.808
-3.122 76.791
-3.3032 76.61
-0.7972 76.627
-0.758 68.937
-3.318 68.923
-3.138 68.744
<AreaDataEnd>

<AreaData:11030006>
-3.358 68.968
-0.8032 68.982
-0.842 76.582
-3.3432 76.565
-3.358 68.968
<AreaDataEnd>

<AreaData:11038902>
-6.708 81.98
-6.508 81.98
-6.4832 81.98
-3.3252 81.973
-3.3 81.973
-3.1 81.972
-3.0952 83.972
-6.704 83.98
-6.708 81.98
<AreaDataEnd>

<AreaData:11038901>
-6.524 62.825
-3.358 62.828
-3.36 64.828
-6.526 64.825
-6.524 62.825
<AreaDataEnd>

<AreaData:11030010>
-6.526 64.825
-3.36 64.828
-3.3632 68.968
-3.358 68.968
-3.3432 76.565
-3.348 76.565
-3.3252 81.973
-6.4832 81.98
-6.526 64.825
<AreaDataEnd>

<AreaData:12111111>
-14.4056 24.3127
-14.7012 6.0019
35.506 6.8879
34.62 24.9033
-14.4056 24.3127
<AreaDataEnd>

